5009069380
5009111280
5011036907
7702557532
7703128790
7704452736
7704617145
7704817881
7706507606
7707487208
7708443210
7708445313
7708451437
7708451444
7708455826
7708721010
7714463014
7714995442
7716255980
7716256800
7718253642
7720478315
7720741823
7720865730
7720897958
7720957607
7720959139
7720959604
7720960600
7725346640
7725354440
7730303346
7733186461
7733286184
7733411861
7733412209
7733412223
7733413523
7733413587
7733413883
7733414245
7733414291
7733414414
7733414421
7733418909
7733418962
7733419081
7733419099
7733419469
7733419620
7733421605
7733422870
7733424500
7733424726
7733424740
7733427371
7733428671
7733429040
7733429442
7733430705
7733430818
7733591759
7733857550
7734497195
7736316905
7736365892
7736372811
7736374030
7743289160
7743445443
7743446937
7751170344
7751231244
7751352626
7751364195
7751364212
7751364220
7751364283
7751376874
7751377028
7751380912
7751381578
9701321496
9701321506
9703198569
9703234390
9704063532
9704235943
9704236626
9704238976
9704240301
9705221742
9705221968
9705235791
9705235826
9706050539
9707024845
9707025334
9707027853
9707028695
9707041287
9707053229
9710091961
9713011121
9713011562
9713012774
9713012862
9713030597
9713031600
9714062471
9715519143
9717186355
9718078916
9718148521
9718231498
9718251783
9718255315
9718273321
9718290373
9718291017
9719029573
9719053696
9721251871
9721256975
9721259824
9721259849
9722089653
9722110190
9722110200
9722111250
9723135775
9723206017
9723236879
9723264555
9723266200
9723266873
9724178926
9725029797
9725197569
9725197600
9725197625
9725200003
9726006827
9726009144
9726031510
9726093724
9726093812
9726107977
9727177432
9728146428
9728150696
9729097741
9729347374
9729349276
9729349614
9729349639
9729352582
9729352800
9729355449
9729355495
9729401776
9731110830
9731110887
9731110894
9731111337
9731111351
9731111954
9731112323
9731112362
9734020085
